1111111100000000
0000000011000001
0000000111001010
0000001010000110
1111101100011000
1111110110011001
1111111101110010
0000001001011001
0000000010111000
1111111111011101
0000010001100101
1111111001001011
1111110000000001
0000000000100010
0000001101000101
1111110101111010
1111111001001100
0000001001001101
0000000100000001
1111110110001110
0000001100000001
0000001110100110
1111101000010111
1111111110010111
1111111010010010
0000000100111001
0000000000000011
0000010101000010
1111111000000101
1111111011111101
1111111110100010
1111101110111101
0000010000001101
1111110111101011
0000010001010101
1111111101010100
1111110110011100
1111111000010101
0000010101110001
1111111010101110
1111110001110011
1111111001111101
0000001110001101
0000000001110100
0000001011111000
1111110101101010
1111111001110101
1111111001111011
0000001011011000
1111110010110010
0000001100001111
0000000111011101
1111111010110010
1111110101111100
0000000001100100
0000001010010011
1111110110110010
0000000111111111
0000000000001011
1111110011011101
0000001000111110
1111110111001111
0000001000000001
0000000001100101
0000001010010100
1111111011011011
1111101011110011
0000000001000111
0000000101110111
0000010011000011
1111111011011100
1111110100001000
0000000001000011
1111111001101000
0000000111000100
1111111110011101
0000000000110000
0000011011000100
1111100000111110
0000000000011010
0000000001001111
1111111001111011
0000001100110101
0000000110011010
1111110100111111
0000001000010110
1111111011100010
1111111111100111
1111110010110100
0000000000110011
0000010110101000
0000000001011001
1111110101100001
1111110011100000
0000000000110111
0000000011101010
0000010000111000
1111111100001000
1111111000001000
1111111100110110
0000000100111010
1111111111010110
1111111111000100
1111110110010101
0000001011111111
1111111101111101
1111111100001100
0000010000010001
1111111100011110
1111110010111000
1111111111010001
0000000110101001
1111111001100000
1111110100010011
0000010110011001
0000000011100010
1111111100111111
1111111001001000
0000001010010011
1111110010001001
0000000010001010
1111111001000100
1111111011011000
0000001000000110
0000010111101010
1111111111001000
1111101001110100
0000000101000100