0000000000000000
1111111000000000
0000001100011011
0000000100101110
1111110111101010
1111111000001111
0000001101001011
1111111110101111
1111111100001001
0000000110010010
1111100111111100
0000000100000100
0000011000011111
1111111001001111
0000000010111111
1111111010111001
0000000011100100
1111101110101111
0000000000010101
0000001100100110
0000000111111110
1111111000110011
1111110110000001
0000001001111110
1111111011011110
0000000110100010
1111111101111011
1111111000010011
0000001010101101
1111111001111010
1111111011001010
0000001000110011
1111111101011101
1111111001100110
0000000011111011
0000000101011001
0000000010000111
1111111101100110
0000000011011111
1111110010101100
1111110010101001
0000100000000110
1111111000100111
1111110101001100
1111111111100111
0000001110100000
0000000000110110
1111111011010010
1111111010101001
1111111110101001
1111110000101010
0000010010101000
1111111100000111
0000001111010111
0000000001111011
1111101111000000
1111111100011010
0000000111010101
1111111101100000
1111111101000110
1111111010101010
0000001100100101
0000001011110101
1111110111011100
1111111101101111
1111101011000101
0000010011111001
1111111011110001
0000000100010011
1111110111010001
0000001010000110
0000000100111000
1111111010001001
1111111001010110
1111111101110010
0000000010111011
0000001100011111
1111100101110000
0000010111100010
0000000001101001
1111111100011001
1111111001101110
0000000100011000
1111110101111111
1111111111011111
1111111101000001
0000010110100111
1111111110100100
1111110011111100
0000000011010011
1111111011100100
0000000110101000
1111110011011001
0000000001001001
0000010011100001
1111101000010010
0000001010101000
0000001010100111
0000000001011110
1111110010110000
1111111101100000
0000000000111111
1111111101010011
0000001000011001
0000000000000010
1111111101000010
1111111110011111
0000000110110000
1111111111111111
0000000111010110
1111110001001111
1111110110100000
0000001001011101
1111111100110001
0000000100100111
0000001110111010
1111110101000010
0000000111100001
1111110111000001
1111110111001000
1111111110111111
0000000111100010
0000000011111001
0000000010100011
1111111001100111
0000000101101001
1111110111000011
0000001101010101